BFS
1017.267227,59.981000,8965.657000
297.186000,10.341000,3319.046000
BS
1592.061667,0.573000,50345.505000
1586.406667,0.530667,50316.656000
GEMV
77.836667,0.260667,3836.232000
78.161000,0.260667,3811.131000
HST-L
762.853667,1.149000,26950.485000
762.946333,0.998667,26967.470000
HST-S
762.827000,0.878000,25765.194000
759.900333,0.969333,25776.952000
MLP
683.137667,0.671667,73818.669000
682.835000,0.656333,73756.366000
NW
0.000000,0.000000,100.474000
0.000000,0.000000,102.174000
RED
6323.714667,1.598000,264050.164000
6282.744667,1.605333,265051.346000
SCAN-RSS
3791.484000,2622.033667,265871.115000
3773.646000,3311.909000,104191.209000
SCAN-SSA
3775.586667,2406.072333,265897.243000
3778.782667,2446.964333,265178.392000
SEL
3779.535333,51271.153667,359358.778000
3798.731333,51931.894667,361657.044000
SpMV
1754.065275,51.217001,2722.859000
1762.715936,51.344000,2725.125000
TRNS
62500.993667,1033.800667,1038165.038000
6857.030333,1026.795333,179238.791000
TS
32.823000,1.586667,1903.463000
31.671333,1.501333,1855.747000
UNI
3779.676000,51662.305667,365851.725000
3783.454000,51633.092000,365602.782000
VA
2519.495333,915.952667,160280.537000
2524.698667,845.001000,160279.022000
